I
|0||0||0||0|
|0||0||0||0|
|2||0||0||0|
|0||2||0||2|
R
|0||0||0||0|
|0||0||0||0|
|0||0||0||2|
|0||0||0||4|
D
|0||0||0||0|
|0||0||0||0|
|0||0||0||2|
|0||0||0||4|
L
|0||2||0||0|
|0||0||0||0|
|2||0||0||0|
|4||0||0||0|
R
|0||0||0||2|
|0||0||0||0|
|0||0||0||2|
|0||4||0||4|
R
|0||0||0||2|
|0||0||0||0|
|2||0||0||2|
|0||0||0||8|
R
|0||0||0||2|
|0||0||0||0|
|0||0||0||4|
|4||0||0||8|
R
|2||0||0||2|
|0||0||0||0|
|0||0||0||4|
|0||0||4||8|
R
|0||0||4||4|
|0||0||0||0|
|0||0||0||4|
|0||0||4||8|
R
|0||0||0||8|
|0||0||4||0|
|0||0||0||4|
|0||0||4||8|
R
|0||4||0||8|
|0||0||0||4|
|0||0||0||4|
|0||0||4||8|
R
|0||4||4||8|
|0||0||0||4|
|0||0||0||4|
|0||0||4||8|
R
|0||4||8||8|
|0||0||0||4|
|0||0||0||4|
|0||0||4||8|
R
|0||0||4||16|
|0||0||0||4|
|4||0||0||4|
|0||0||4||8|
R
|0||0||4||16|
|0||0||0||4|
|0||0||0||8|
|0||2||4||8|
D
|0||0||0||0|
|0||0||4||16|
|0||0||0||4|
|0||2||8||16|
D
|0||2||0||0|
|0||0||0||16|
|0||0||4||4|
|0||2||8||16|
R
|0||0||2||2|
|0||0||0||16|
|0||0||0||8|
|0||2||8||16|
R
|0||0||0||4|
|0||0||0||16|
|0||4||0||8|
|0||2||8||16|
R
|0||0||0||4|
|2||0||0||16|
|0||0||4||8|
|0||2||8||16|
R
|0||0||0||4|
|0||0||2||16|
|0||2||4||8|
|0||2||8||16|
D
|0||0||0||4|
|0||4||2||16|
|0||0||4||8|
|0||4||8||16|
D
|0||0||0||4|
|0||0||2||16|
|0||4||4||8|
|0||8||8||16|
R
|0||2||0||4|
|0||0||2||16|
|0||0||8||8|
|0||0||16||16|
R
|0||4||2||4|
|0||0||2||16|
|0||0||0||16|
|0||0||0||32|
D
|0||0||0||0|
|0||0||0||4|
|0||0||0||32|
|4||4||4||32|
R
|0||0||0||0|
|0||0||0||4|
|0||0||4||32|
|0||4||8||32|
D
|0||0||0||0|
|0||0||0||4|
|0||0||4||4|
|0||4||8||64|
R
|0||0||4||0|
|0||0||0||4|
|0||0||0||8|
|0||4||8||64|
R
|2||0||0||4|
|0||0||0||4|
|0||0||0||8|
|0||4||8||64|
R
|2||0||2||4|
|0||0||0||4|
|0||0||0||8|
|0||4||8||64|
R
|0||0||4||4|
|0||0||0||4|
|2||0||0||8|
|0||4||8||64|
R
|0||0||0||8|
|0||0||4||4|
|0||0||2||8|
|0||4||8||64|
R
|0||0||0||8|
|0||0||0||8|
|0||4||2||8|
|0||4||8||64|
D
|0||0||0||2|
|0||0||0||8|
|0||0||2||16|
|0||8||8||64|
R
|0||0||0||2|
|0||0||0||8|
|0||4||2||16|
|0||0||16||64|
D
|0||0||0||2|
|0||0||4||8|
|0||0||2||16|
|0||4||16||64|
L
|2||0||0||0|
|4||8||0||4|
|2||16||0||0|
|4||16||64||0|
R
|0||0||0||2|
|4||4||8||4|
|0||0||2||16|
|0||4||16||64|
R
|0||0||2||2|
|0||8||8||4|
|0||0||2||16|
|0||4||16||64|
R
|0||0||0||4|
|2||0||16||4|
|0||0||2||16|
|0||4||16||64|
R
|0||0||0||4|
|0||2||16||4|
|0||2||2||16|
|0||4||16||64|
R
|0||0||0||4|
|0||2||16||4|
|0||0||4||16|
|2||4||16||64|
D
|0||0||0||0|
|0||2||16||8|
|0||2||4||16|
|2||4||16||64|
D
|0||2||0||0|
|0||0||16||8|
|0||4||4||16|
|2||4||16||64|
R
|4||0||0||2|
|0||0||16||8|
|0||0||8||16|
|2||4||16||64|
R
|0||0||4||2|
|2||0||16||8|
|0||0||8||16|
|2||4||16||64|
R
|0||0||4||2|
|0||2||16||8|
|2||0||8||16|
|2||4||16||64|
R
|0||0||4||2|
|0||2||16||8|
|2||2||8||16|
|2||4||16||64|
R
|0||0||4||2|
|2||2||16||8|
|0||4||8||16|
|2||4||16||64|
R
|0||2||4||2|
|0||4||16||8|
|0||4||8||16|
|2||4||16||64|
D
|0||4||4||2|
|0||2||16||8|
|0||4||8||16|
|2||8||16||64|
R
|0||2||8||2|
|0||2||16||8|
|0||4||8||16|
|2||8||16||64|
D
|0||2||8||2|
|0||4||16||8|
|0||4||8||16|
|2||8||16||64|
D
|0||0||8||2|
|0||2||16||8|
|2||8||8||16|
|2||8||16||64|
R
|2||0||8||2|
|0||2||16||8|
|0||2||16||16|
|2||8||16||64|
R
|0||2||8||2|
|0||2||16||8|
|4||0||2||32|
|2||8||16||64|
R
|0||2||8||2|
|4||2||16||8|
|0||4||2||32|
|2||8||16||64|
D
|4||0||8||2|
|0||4||16||8|
|4||4||2||32|
|2||8||16||64|
R
|0||4||8||2|
|2||4||16||8|
|0||8||2||32|
|2||8||16||64|
D
|0||0||8||2|
|2||4||16||8|
|0||4||2||32|
|4||16||16||64|
R
|0||0||8||2|
|2||4||16||8|
|0||4||2||32|
|4||4||32||64|
R
|4||0||8||2|
|2||4||16||8|
|0||4||2||32|
|0||8||32||64|
R
|0||4||8||2|
|2||4||16||8|
|2||4||2||32|
|0||8||32||64|
D
|0||0||8||2|
|2||4||16||8|
|0||8||2||32|
|4||8||32||64|
D
|0||0||8||2|
|4||0||16||8|
|2||4||2||32|
|4||16||32||64|
R
|0||2||8||2|
|0||4||16||8|
|2||4||2||32|
|4||16||32||64|
D
|0||0||8||2|
|4||2||16||8|
|2||8||2||32|
|4||16||32||64|
L
|8||2||2||0|
|4||2||16||8|
|2||8||2||32|
|4||16||32||64|
R
|2||0||8||4|
|4||2||16||8|
|2||8||2||32|
|4||16||32||64|
R
|2||2||8||4|
|4||2||16||8|
|2||8||2||32|
|4||16||32||64|
R
|2||4||8||4|
|4||2||16||8|
|2||8||2||32|
|4||16||32||64|
E
